1 315 19
1 256 12
1 273 14
2 78 3 11
1 261 12
1 221 11
1 165 8
1 28 0
1 177 9
1 222 11
1 287 15
1 200 10
1 338 21
2 34 0 19
1 224 11
1 263 13
1 246 12
2 12 0 2
1 168 8
1 324 19
1 107 4
1 265 13
1 350 23
1 226 11
1 259 12
1 112 5
2 145 7 12
1 318 19
2 120 5 8
1 244 12
2 5 0 2
1 227 11
2 18 0 10
2 150 7 9
2 135 6 9
1 209 10
1 269 14
2 148 7 10
1 194 10
1 230 11
2 9 0 12
1 305 17
1 47 1
2 179 9 23
1 114 5
1 121 6
1 297 16
1 313 19
2 211 11 13
1 86 3
1 94 4
1 215 11
1 232 11
1 252 12
2 81 3 10
1 149 7
1 258 12
2 193 10 13
2 196 10 12
1 33 0
1 316 19
1 334 20
1 19 0
1 85 3
1 220 11
1 274 14
1 283 15
2 2 0 8
1 176 9
1 64 3
1 58 2
1 307 17
1 97 4
1 303 17
1 142 7
1 319 19
1 108 4
1 178 9
1 55 2
2 152 7 12
1 336 21
1 277 15
1 229 11
1 290 16
1 257 12
1 241 12
1 294 16
1 63 3
1 105 4
1 156 8
1 160 8
1 242 12
1 102 4
1 171 9
1 74 3
1 330 20
1 13 0
1 26 0
2 96 4 12
1 212 11
1 289 16
1 172 9
1 311 18
2 238 12 20
1 133 6
1 340 21
1 348 22
1 84 3
1 88 3
1 30 0
1 239 12
1 331 20
2 146 7 9
1 286 15
1 299 17
1 77 3
1 36 0
2 130 6 7
1 173 9
1 16 0
2 38 0 13
1 205 10
1 126 6
2 268 13 19
1 116 5
1 48 2
1 22 0
1 144 7
1 234 11
1 276 15
1 306 17
1 326 20
2 11 0 9
1 253 12
1 248 12
1 260 12
1 255 12
2 167 8 11
1 7 0
1 279 15
1 15 0
1 110 4
1 187 10
1 65 3
1 115 5
1 154 8
1 341 21
1 76 3
1 345 22
2 127 6 13
1 202 10
1 185 9
1 317 19
1 344 22
2 24 0 3
1 327 20
1 80 3
2 143 7 8
1 191 10
1 197 10
2 53 2 20
1 337 21
1 292 16
3 49 2 7 8
1 347 22
1 118 5
1 141 7
1 46 1
2 79 3 6
2 14 0 23
1 293 16
1 272 14
1 67 3
1 285 15
2 31 0 8
1 106 4
1 208 10
3 62 2 7 23
1 162 8
2 164 8 10
1 320 19
1 90 3
1 322 19
1 122 6
2 69 3 8
1 23 0
1 284 15
1 195 10
2 37 0 3
1 99 4
1 169 8
1 207 10
1 87 3
1 103 4
1 218 11
1 233 11
1 50 2
1 175 9
1 199 10
1 298 16
1 237 12
1 296 16
1 343 21
1 184 9
1 332 20
1 223 11
1 198 10
1 240 12
1 166 8
1 92 3
1 8 0
1 159 8
1 174 9
1 329 20
1 342 21
1 17 0
2 131 6 8
1 310 18
1 6 0
1 189 10
1 314 19
1 254 12
1 295 16
1 278 15
3 45 1 10 14
1 190 10
1 309 17
1 349 23
1 44 0
2 52 2 20
1 262 13
1 228 11
1 249 12
2 57 2 9
2 89 3 4
1 270 14
1 3 0
1 282 15
1 217 11
1 180 9
1 245 12
1 346 22
2 32 0 18
1 157 8
1 10 0
2 136 6 7
3 27 0 9 15
1 312 19
1 219 11
2 40 0 6
1 339 21
1 66 3
1 323 19
1 51 2
1 201 10
1 54 2
1 61 2
1 304 17
1 137 6
2 170 8 17
1 153 7
1 104 4
1 111 5
2 325 19 21
1 25 0
2 181 9 10
1 203 10
1 333 20
1 100 4
2 140 7 10
1 60 2
1 129 6
1 291 16
1 247 12
1 70 3
2 68 3 13
1 206 10
1 302 17
1 72 3
1 328 20
1 192 10
1 266 13
2 42 0 10
1 75 3
1 113 5
2 186 10 14
1 83 3
1 308 17
1 288 16
2 134 6 12
1 271 14
1 280 15
2 20 0 6
1 158 8
2 98 4 9
1 119 5
1 281 15
2 0 0 22
1 188 10
1 132 6
1 301 17
2 139 6 16
1 250 12
2 138 6 16
1 214 11
1 335 20
1 321 19
1 35 0
1 300 17
1 125 6
2 56 2 12
1 147 7
1 213 11
2 183 9 11
1 231 11
1 128 6
1 155 8
1 39 0
1 82 3
1 204 10
1 151 7
1 210 10
2 216 11 12
1 41 0
1 4 0
1 264 13
1 109 4
1 101 4
1 124 6
1 117 5
2 59 2 4
2 71 3 12
2 161 8 13
1 243 12
2 21 0 11
1 182 9
1 1 0
1 91 3
1 251 12
1 267 13
2 235 11 16
1 225 11
1 43 0
1 275 15
1 163 8
1 93 4
2 236 11 16
2 73 3 9
1 29 0
1 95 4
1 123 6